785
243 819 666 71 888 638 71 857 304 253 712 806 110 147 545 506 57 264 547 372 197 378 438 159 322 298 604 115 904 435 155 488 22 301 463 906 239 143 315 467 97 441 785 695 569 997 79 407 398 444 170 27 999 995 305 992 334 354 54 448 954 796 56 133 594 816 410 864 803 596 357 335 661 810 798 209 572 159 362 84 690 935 201 40 513 713 849 571 162 114 946 547 574 58 862 504 839 421 859 49 278 333 846 752 357 143 3 45 857 533 765 320 509 999 27 646 99 721 540 816 805 562 944 367 340 565 163 575 528 764 438 257 318 613 978 608 998 309 612 310 937 549 505 659 482 764 103 630 463 998 731 862 67 207 28 741 607 755 700 180 945 694 135 861 828 721 420 428 804 52 312 146 347 669 524 225 735 881 302 304 605 335 903 186 731 477 216 121 932 211 973 688 55 172 673 151 622 961 996 762 61 861 263 268 436 620 134 376 654 999 195 727 764 207 550 159 711 324 583 424 645 741 834 481 398 635 433 659 404 551 687 6 882 386 249 933 99 23 905 294 537 20 973 427 872 219 892 907 505 474 264 998 925 454 530 948 404 108 892 840 72 479 897 605 564 582 932 903 730 242 909 446 821 304 754 922 583 279 684 741 781 957 22 721 590 809 124 847 801 913 717 676 665 335 495 926 127 644 514 844 921 19 277 394 30 801 671 198 402 83 534 588 352 327 601 545 96 650 95 268 499 755 361 965 463 241 41 112 703 926 532 774 352 682 317 347 680 284 642 185 368 327 547 162 956 510 273 118 608 923 307 376 901 558 703 994 665 915 77 133 494 743 791 746 303 581 225 703 904 873 970 403 385 879 808 536 598 23 747 27 921 494 884 267 772 295 474 797 814 714 356 107 636 471 643 911 28 629 224 147 827 422 856 877 600 890 488 414 724 74 934 583 287 390 475 195 452 738 217 527 883 597 553 788 415 638 527 533 441 372 361 323 112 904 959 675 624 591 899 981 492 989 463 797 62 956 94 857 965 427 571 698 769 193 847 691 608 655 558 382 218 895 21 800 329 709 380 780 625 689 16 948 511 107 234 259 339 409 810 209 312 355 994 357 856 10 111 560 844 108 378 611 485 678 34 956 578 60 948 51 287 763 495 264 188 611 928 267 451 932 377 871 178 53 730 722 390 84 520 725 695 106 449 533 160 833 629 531 118 498 25 493 10 702 998 39 502 473 923 743 689 90 813 819 56 583 944 837 65 867 618 449 347 615 79 398 186 534 3 15 900 668 409 255 202 74 121 871 451 714 413 915 794 313 889 307 328 57 953 330 791 470 396 889 136 232 779 530 873 673 842 381 381 432 755 214 552 133 578 612 92 521 144 479 103 821 867 799 440 947 288 53 650 357 187 267 175 383 87 511 241 97 746 137 257 697 871 142 80 828 375 76 430 498 118 349 701 202 863 366 843 659 987 481 332 465 945 48 17 249 196 345 57 745 824 52 161 142 501 416 592 391 316 765 86 869 458 393 249 291 272 906 218 490 108 158 642 302 242 389 883 715 927 565 422 451 182 143 759 937 999 853 332 292 136 995 203 803 294 859 55 605 895 59 541 271 952 772 699 128 133 732 183 698 169 933 241 32 816 63 915 539 368 667 697 262 172 80 777 571 84 808 79 848 365 798 834 546 594 193 860 320 841 737 343 652 572 477 602 735 537 202 297 9 797 54 162 745 429 32 128 839 750 25 567 338 908 107 985 879 745 424 486 61 493 713 261 33 394 493 152 975 820 168 506 
10
698 784
132 678
649 724
684 690
526 532
275 509
402 597
158 697
636 737
615 709
